kinematics:
  shoulder:
    x: 0
    y: 0
    z: 0.1519010735629734
    roll: -0
    pitch: 0
    yaw: 4.634905607502505e-08
  upper_arm:
    x: -0.0001502218476330159
    y: 0
    z: 0
    roll: 1.571525622556669
    pitch: 0
    yaw: 2.434118529520919e-06
  forearm:
    x: -0.2436671404664339
    y: 0
    z: 0
    roll: 3.137813499486348
    pitch: 3.140117104380051
    yaw: 3.141587839269064
  wrist_1:
    x: -0.2132179589483491
    y: -0.0001550830051109289
    z: 0.1313263639404954
    roll: 0.001180897181410599
    pitch: 0.0006496499988362674
    yaw: 2.597372229028298e-06
  wrist_2:
    x: 1.59344894692773e-05
    y: -0.08534391586236098
    z: -8.859064304126133e-05
    roll: 1.571834369288334
    pitch: 0
    yaw: 7.505352157845812e-06
  wrist_3:
    x: -0.0001950144461448812
    y: 0.09202553898945699
    z: -0.000227508576828372
    roll: 1.568324098804467
    pitch: 3.141592653589793
    yaw: 3.141592161509155
  hash: calib_586489923172046521