kinematics:
  shoulder:
    x: 0
    y: 0
    z: 0.1518834796358208
    roll: -0
    pitch: 0
    yaw: -5.089679179504093e-08
  upper_arm:
    x: -1.960738422453128e-05
    y: 0
    z: 0
    roll: 1.571746540889523
    pitch: 0
    yaw: 2.816051609094776e-06
  forearm:
    x: -0.2434801405151212
    y: 0
    z: 0
    roll: 3.138568480223974
    pitch: -3.141354071468677
    yaw: 3.141586152811768
  wrist_1:
    x: -0.2130509371017544
    y: -0.0002349143671027095
    z: 0.1310397177533013
    roll: 0.001792693997500487
    pitch: 0.002324108257830582
    yaw: -1.224040137876464e-06
  wrist_2:
    x: 3.786408004181329e-05
    y: -0.08535743969902289
    z: -1.364168692573995e-06
    roll: 1.570812308631949
    pitch: 0
    yaw: -1.898784667692111e-06
  wrist_3:
    x: -5.499157599434723e-05
    y: 0.09208044981195734
    z: -0.0001436118037983424
    roll: 1.569236694021072
    pitch: 3.141592653589793
    yaw: 3.141592173103251
  hash: calib_6276884284178043864